388 489
3 640
388 489
387 503
390 709
772 445
385 779
385 779
387 503
390 709
440 759
37 635
905 15
37 635
521 332
924 859
56 611
924 859
293 275
634 306
417 461
634 306
668 816
327 227
544 165
327 227
246 251
60 933
91 499
60 933
715 840
901 561
870 127
901 561
678 124
306 527
368 620
306 527
283 6
655 6
593 6
655 6
688 170
285 46
192 387
285 46
273 921
676 487
769 239
676 487
476 348
538 441
848 906
538 441
485 743
423 92
113 681
423 92
666 441
555 600
666 441
481 148
75 314
592 82
111 771
111 771
481 148
75 314
409 201
6 77
874 418
6 77
552 890
955 456
87 208
955 456
231 430
572 461
355 616
572 461
730 661
389 72
606 10
389 72
29 96
804 778
835 344
804 778
932 34
157 716
126 282
157 716
771 124
399 527
461 620
399 527
190 6
562 6
500 6
562 6
657 573
254 449
161 790
254 449
304 518
707 84
800 797
707 84
879 255
941 348
290 813
941 348
82 836
20 185
671 774
20 185
521 332
924 859
56 611
924 859
440 759
37 635
905 15
37 635
552 890
955 456
87 208
955 456
409 201
6 77
874 418
6 77
439 468
904 189
346 716
904 189
522 623
57 344
615 871
57 344
231 227
572 599
355 537
572 599
730 864
389 895
606 89
389 895
289 248
258 651
103 744
258 651
672 843
703 843
858 843
703 843
2 501
322 650
2 501
215 832
537 87
856 776
641 781
641 781
215 832
537 87
55 97
365 872
954 903
365 872
906 33
596 622
7 684
596 622
668 816
327 227
544 165
327 227
293 275
634 306
417 461
634 306
730 661
389 72
606 10
389 72
231 430
572 461
355 616
572 461
522 623
57 344
615 871
57 344
439 468
904 189
346 716
904 189
409 704
6 270
874 22
6 270
552 387
955 263
87 604
955 263
455 620
486 62
641 155
486 62
506 471
475 471
320 471
475 471
801 406
336 127
894 654
336 127
160 685
625 406
67 933
625 406
661 787
630 384
475 291
630 384
300 304
331 149
486 335
331 149
715 840
901 561
870 127
901 561
246 251
60 933
91 499
60 933
932 34
157 716
126 282
157 716
29 96
804 778
835 344
804 778
730 864
389 895
606 89
389 895
231 227
572 599
355 537
572 599
552 387
955 263
87 604
955 263
409 704
6 270
874 22
6 270
655 744
66 186
4 279
66 186
306 347
895 347
957 347
895 347
265 120
885 151
141 306
885 151
696 10
76 382
820 320
76 382
853 292
419 943
171 354
419 943
108 799
542 551
790 272
542 551
283 6
655 6
593 6
655 6
678 124
306 527
368 620
306 527
190 6
562 6
500 6
562 6
771 124
399 527
461 620
399 527
672 843
703 843
858 843
703 843
289 248
258 651
103 744
258 651
506 471
475 471
320 471
475 471
455 620
486 62
641 155
486 62
306 347
895 347
957 347
895 347
655 744
66 186
4 279
66 186
827 843
858 843
52 843
858 843
134 248
103 651
909 744
103 651
532 564
36 564
439 564
36 564
429 527
925 930
522 62
925 930
273 921
676 487
769 239
676 487
688 170
285 46
192 387
285 46
304 518
707 84
800 797
707 84
657 573
254 449
161 790
254 449
525 646
918 931
525 646
219 563
176 99
787 371
568 645
568 645
219 563
176 99
160 685
625 406
67 933
625 406
801 406
336 127
894 654
336 127
696 10
76 382
820 320
76 382
265 120
885 151
141 306
885 151
134 248
103 651
909 744
103 651
827 843
858 843
52 843
858 843
892 717
241 531
830 562
241 531
69 374
720 2
131 64
720 2
485 743
423 92
113 681
423 92
476 348
538 441
848 906
538 441
82 836
20 185
671 774
20 185
879 255
941 348
290 813
941 348
906 33
596 622
7 684
596 622
55 97
365 872
954 903
365 872
300 304
331 149
486 335
331 149
661 787
630 384
475 291
630 384
108 799
542 551
790 272
542 551
853 292
419 943
171 354
419 943
429 527
925 930
522 62
925 930
532 564
36 564
439 564
36 564
69 374
720 2
131 64
720 2
892 717
241 531
830 562
241 531
