385 17
390 908
865 796
97 915
958 455
41 273
96 33
193 287
137 606
864 775
768 910
861 569
905 387
3 281
100 535
44 854
920 729
824 864
56 22
917 523
303 325
805 520
520 170
261 324
658 504
502 363
919 167
156 209
459 834
676 679
417 833
441 566
285 425
702 229
700 678
42 342
544 537
259 187
156 802
443 8
125 275
534 811
805 27
287 335
378 177
518 721
674 862
643 335
91 871
836 461
318 769
409 611
427 191
583 332
870 499
552 766
219 323
49 502
157 230
417 465
742 506
791 347
198 310
912 227
170 850
108 757
368 31
804 506
853 347
260 310
544 537
763 199
593 378
701 106
741 610
903 202
834 269
134 893
220 219
162 721
354 451
58 527
799 476
892 135
192 759
127 467
69 8
261 699
827 109
607 58
769 611
700 678
630 676
865 796
320 211
752 84
331 153
235 288
122 537
96 894
726 909
416 444
848 317
641 525
545 660
432 909
209 918
839 933
113 92
529 468
111 9
75 513
400 114
717 543
493 734
630 304
561 715
317 597
230 358
244 186
644 600
737 259
874 790
468 2
224 845
137 606
331 698
731 151
87 580
824 771
334 728
123 303
551 573
478 262
627 101
750 704
144 663
838 426
211 493
428 338
355 27
410 163
533 766
888 725
483 740
817 807
606 382
73 652
745 399
939 225
714 833
813 873
216 430
194 955
68 642
22 504
767 242
736 676
835 716
247 864
225 428
99 115
148 129
893 828
126 654
862 301
653 323
111 502
591 230
572 465
308 506
419 347
880 310
850 227
542 850
480 757
461 31
370 506
481 347
942 310
389 537
81 199
500 378
19 106
276 889
562 791
369 548
723 924
685 901
286 70
447 203
399 899
675 166
768 786
161 201
592 188
193 318
354 451
238 78
514 306
800 208
607 926
909 242
493 734
599 738
783 890
52 587
545 660
835 816
468 956
416 537
106 72
290 224
362 959
855 71
184 227
178 112
126 654
671 185
777 189
96 33
864 775
3 281
920 729
865 796
768 910
824 864
97 915
193 287
100 535
56 22
958 455
861 569
917 523
41 273
137 606
905 387
44 854
561 715
244 186
468 2
331 698
400 114
644 600
731 151
717 543
317 597
224 845
87 580
493 734
737 259
824 771
630 304
230 358
874 790
137 606
44 213
396 473
602 647
742 532
917 616
352 428
698 487
565 256
609 769
206 242
346 127
359 89
755 862
140 921
219 470
263 22
615 282
821 456
334 318
123 457
551 380
478 337
627 511
750 307
144 187
838 272
211 890
428 952
355 909
410 356
533 152
888 32
483 665
817 322
606 461
73 384
863 261
79 905
57 168
182 31
98 568
177 812
280 899
882 785
784 385
939 292
103 155
904 568
22 812
125 899
779 10
681 571
858 254
836 478
641 19
537 286
949 259
853 887
360 228
846 172
12 570
865 796
858 81
108 803
96 401
468 370
954 314
601 508
493 734
486 19
115 830
103 428
7 95
475 397
658 504
156 209
441 566
700 678
303 325
459 834
42 342
805 520
502 363
285 425
544 537
520 170
676 679
259 187
261 324
919 167
417 833
702 229
627 101
838 426
410 163
483 740
334 728
211 493
817 807
123 303
750 704
533 766
606 382
551 573
428 338
73 652
478 262
144 663
355 27
888 725
917 616
565 256
359 89
219 470
44 213
609 769
263 22
396 473
352 428
755 862
615 282
602 647
206 242
821 456
742 532
698 487
346 127
140 921
400 808
717 62
493 95
630 388
561 21
317 383
230 709
244 667
644 814
737 101
874 394
468 641
224 42
137 368
331 614
731 761
87 15
824 48
687 75
417 192
532 943
97 651
274 754
691 285
371 744
544 537
270 912
115 819
641 527
429 754
846 285
526 744
864 351
590 726
320 843
435 633
297 244
751 752
700 678
684 749
664 585
454 676
387 673
210 938
507 521
910 955
894 65
261 58
51 149
945 146
277 253
574 797
67 344
16 270
677 720
327 231
832 813
802 826
284 109
611 640
125 274
634 498
350 557
505 650
475 663
129 884
456 454
931 88
159 176
836 235
486 707
30 328
805 27
518 721
836 461
427 191
156 802
674 862
583 332
443 8
287 335
318 769
870 499
125 275
643 335
552 766
534 811
378 177
91 871
409 611
216 430
22 504
247 864
148 129
745 399
767 242
893 828
939 225
194 955
225 428
126 654
714 833
736 676
862 301
813 873
68 642
835 716
99 115
627 511
838 272
410 356
483 665
334 318
211 890
817 322
123 457
750 307
533 152
606 461
551 380
428 952
73 384
478 337
144 187
355 909
888 32
561 21
244 667
468 641
331 614
400 808
644 814
731 761
717 62
317 383
224 42
87 15
493 95
737 101
824 48
630 388
230 709
874 394
137 368
556 13
199 595
618 881
203 217
405 816
604 750
608 372
762 134
357 447
419 354
4 651
343 816
542 750
546 372
758 785
353 137
957 719
415 44
379 883
528 737
162 728
669 386
582 907
149 22
290 632
433 953
812 214
595 59
141 678
799 8
366 84
507 694
292 616
671 838
820 692
454 683
705 828
579 242
953 456
750 900
256 1
835 543
45 240
382 487
126 654
374 282
171 726
8 280
587 822
758 519
211 102
916 269
790 644
203 858
742 506
912 227
804 506
544 537
219 323
170 850
763 199
49 502
791 347
853 347
593 378
157 230
108 757
701 106
417 465
198 310
368 31
260 310
308 506
850 227
370 506
389 537
653 323
542 850
81 199
111 502
419 347
481 347
500 378
591 230
480 757
19 106
572 465
880 310
461 31
942 310
98 568
882 785
904 568
779 10
863 261
784 385
681 571
79 905
177 812
22 812
858 254
57 168
939 292
836 478
182 31
280 899
103 155
125 899
274 754
544 537
429 754
864 351
687 75
270 912
590 726
417 192
691 285
846 285
320 843
532 943
115 819
435 633
97 651
371 744
641 527
526 744
405 816
762 134
343 816
758 785
556 13
357 447
353 137
199 595
604 750
542 750
957 719
618 881
419 354
415 44
203 217
608 372
4 651
546 372
501 568
665 785
346 568
717 10
460 261
164 385
216 571
296 905
797 812
642 812
52 254
615 168
319 292
371 478
244 31
745 899
909 155
590 899
478 227
458 599
75 227
897 506
483 602
941 540
419 447
503 130
20 657
578 657
439 936
886 509
383 447
822 354
64 496
542 62
522 434
139 62
220 219
58 527
127 467
827 109
741 610
799 476
607 58
903 202
162 721
69 8
769 611
834 269
892 135
700 678
134 893
354 451
192 759
261 699
685 901
399 899
592 188
238 78
276 889
675 166
514 306
562 791
286 70
193 318
800 208
369 548
768 786
607 926
723 924
447 203
161 201
354 451
568 844
176 298
664 585
210 938
261 58
277 253
297 244
507 521
574 797
751 752
454 676
51 149
67 344
700 678
910 955
16 270
684 749
387 673
894 65
945 146
582 907
433 953
799 8
292 616
379 883
812 214
671 838
528 737
149 22
366 84
820 692
162 728
595 59
454 683
669 386
290 632
141 678
507 694
460 261
296 905
615 168
244 31
501 568
797 812
745 899
665 785
164 385
319 292
909 155
346 568
642 812
590 899
717 10
216 571
52 254
371 478
50 910
450 19
422 879
319 885
911 880
400 238
269 143
511 710
561 959
933 928
830 934
539 818
28 176
858 81
642 117
692 366
131 436
103 335
331 153
96 894
641 525
209 918
630 676
726 909
839 933
865 796
235 288
545 660
113 92
320 211
416 444
529 468
752 84
122 537
848 317
432 909
52 587
468 956
362 959
178 112
909 242
416 537
126 654
493 734
545 660
855 71
671 185
599 738
106 72
777 189
783 890
835 816
290 224
184 227
12 570
108 803
601 508
115 830
949 259
96 401
103 428
853 887
865 796
493 734
7 95
360 228
468 370
475 397
846 172
858 81
954 314
486 19
284 109
634 498
129 884
159 176
677 720
350 557
836 235
327 231
611 640
456 454
486 707
832 813
505 650
30 328
802 826
125 274
475 663
931 88
256 1
382 487
8 280
211 102
705 828
126 654
916 269
579 242
835 543
587 822
790 644
953 456
374 282
203 858
750 900
45 240
171 726
758 519
483 602
503 130
886 509
64 496
478 227
20 657
542 62
458 599
941 540
383 447
522 434
75 227
578 657
139 62
897 506
419 447
439 936
822 354
911 880
511 710
539 818
642 117
50 910
561 959
692 366
450 19
400 238
28 176
131 436
422 879
933 928
103 335
319 885
269 143
830 934
858 81
